0 n = 250 m = 0.1n
AverObjVal: 113.73616 AverElapse: 4.0032988
Best case:
MaxMinD: 114.29639 
e: 123 135 143 167 237 233 232 125 182 220 157 217 187 164 122 189 51 134 242 2 9 204 153 240 98 
Elapse: 4.04
Worst case:
MaxMinD: 113.04563 
e: 9 40 125 164 167 173 54 198 51 187 123 200 143 212 157 153 218 231 236 179 80 105 217 240 189 
Elapse: 3.99
113.73|4.07 113.13|4.03 113.81|4.00 113.29|3.97 113.73|3.98 114.30|4.04 113.05|3.99 113.73|4.03 114.30|3.96 114.30|3.98 

1 n = 250 m = 0.1n
AverObjVal: 135.51059 AverElapse: 4.0359135
Best case:
MaxMinD: 136.35188 
e: 10 103 128 185 223 240 84 61 150 2 59 235 96 43 63 202 190 243 171 45 106 136 231 9 39 
Elapse: 4.04
Worst case:
MaxMinD: 134.94368 
e: 23 30 51 96 106 128 140 159 189 231 243 125 202 9 115 63 10 45 150 185 203 136 59 74 44 
Elapse: 4.03
134.94|4.03 135.71|4.01 135.73|4.07 134.97|4.08 136.35|4.04 135.75|4.04 134.97|4.02 136.35|4.02 135.09|4.05 135.25|4.00 

2 n = 250 m = 0.1n
AverObjVal: 97.79473 AverElapse: 3.9925237
Best case:
MaxMinD: 98.43941 
e: 0 41 142 235 115 106 155 122 195 233 130 179 188 211 236 241 220 246 228 25 186 15 12 230 119 
Elapse: 3.99
Worst case:
MaxMinD: 97.26713 
e: 25 41 119 131 166 179 188 234 83 243 134 122 155 196 14 75 186 71 195 220 239 102 246 57 211 
Elapse: 3.98
97.56|3.96 97.27|3.97 98.01|3.99 98.44|3.99 98.01|3.99 98.01|3.99 97.56|4.06 97.27|3.98 98.27|3.96 97.56|4.02 

3 n = 250 m = 0.1n
AverObjVal: 63.913788 AverElapse: 3.7364259
Best case:
MaxMinD: 64.08098 
e: 2 70 75 127 145 186 199 220 221 69 231 193 164 104 32 150 5 118 42 19 22 41 204 160 167 
Elapse: 3.76
Worst case:
MaxMinD: 63.724606 
e: 22 41 104 186 193 208 209 231 2 42 120 71 127 155 228 132 19 64 167 70 118 119 117 69 50 
Elapse: 3.73
63.86|3.74 64.08|3.76 64.05|3.72 64.01|3.71 63.72|3.73 64.01|3.75 63.72|3.74 63.92|3.74 64.01|3.74 63.72|3.73 

4 n = 250 m = 0.1n
AverObjVal: 167.90082 AverElapse: 4.0283513
Best case:
MaxMinD: 167.9513 
e: 5 96 236 106 125 20 170 8 103 10 42 33 171 147 225 86 56 237 71 126 163 47 178 216 136 
Elapse: 4.04
Worst case:
MaxMinD: 167.68568 
e: 20 64 102 143 160 170 237 179 186 42 83 217 5 125 33 147 171 163 136 236 47 131 103 52 86 
Elapse: 4.02
167.95|4.03 167.95|4.06 167.69|4.02 167.95|4.04 167.95|4.04 167.85|4.00 167.95|4.01 167.85|4.01 167.95|4.03 167.95|4.03 

5 n = 250 m = 0.1n
AverObjVal: 165.69196 AverElapse: 4.0328226
Best case:
MaxMinD: 166.46957 
e: 74 77 157 82 218 99 67 26 29 224 93 145 225 11 162 66 170 175 44 219 167 195 243 168 128 
Elapse: 4.01
Worst case:
MaxMinD: 165.0592 
e: 7 26 148 152 192 189 128 82 123 11 96 74 77 140 83 170 76 175 142 44 163 233 67 183 235 
Elapse: 3.98
165.73|4.06 166.47|4.01 166.47|4.04 165.40|4.05 165.73|4.04 166.40|4.06 165.08|4.04 165.32|4.03 165.26|4.02 165.06|3.98 

6 n = 250 m = 0.1n
AverObjVal: 127.080765 AverElapse: 3.9639091
Best case:
MaxMinD: 127.62357 
e: 93 106 115 132 142 186 9 179 130 13 65 118 203 148 27 39 104 36 126 150 155 1 77 140 174 
Elapse: 4.01
Worst case:
MaxMinD: 126.817276 
e: 16 32 197 213 39 189 126 6 85 65 108 150 36 174 203 179 104 1 132 154 93 129 155 198 106 
Elapse: 3.97
127.62|4.01 126.82|3.97 127.04|3.97 126.82|3.97 127.04|3.99 126.82|3.95 126.83|3.98 126.82|3.92 127.47|3.94 127.53|3.95 

7 n = 250 m = 0.1n
AverObjVal: 147.38216 AverElapse: 4.055481
Best case:
MaxMinD: 147.8187 
e: 72 186 201 215 30 123 200 52 74 170 209 42 31 152 181 6 196 46 35 23 236 238 39 127 80 
Elapse: 4.07
Worst case:
MaxMinD: 146.7084 
e: 52 72 105 152 174 183 206 200 50 182 3 119 137 201 173 236 25 158 10 47 179 94 102 156 64 
Elapse: 4.03
147.82|4.07 147.79|4.05 147.16|4.07 147.79|4.07 147.04|4.03 147.29|4.08 147.68|4.04 147.04|4.05 146.71|4.03 147.50|4.05 

8 n = 250 m = 0.1n
AverObjVal: 139.1174 AverElapse: 3.9973035
Best case:
MaxMinD: 139.37317 
e: 51 59 129 208 226 248 127 188 102 85 12 71 55 88 104 17 98 16 203 78 10 161 216 107 32 
Elapse: 4.00
Worst case:
MaxMinD: 138.76585 
e: 16 20 78 85 71 104 129 144 248 17 12 161 107 6 244 55 216 59 225 10 102 226 52 88 98 
Elapse: 3.97
139.37|4.00 139.37|4.00 139.28|4.02 138.93|3.97 138.93|3.98 139.37|4.02 139.01|4.00 138.77|3.97 139.37|4.03 138.77|3.98 

9 n = 250 m = 0.1n
AverObjVal: 161.11119 AverElapse: 3.9722672
Best case:
MaxMinD: 161.93358 
e: 42 223 172 244 65 11 205 151 56 152 232 162 59 156 117 161 15 248 189 88 243 78 14 175 149 
Elapse: 4.02
Worst case:
MaxMinD: 160.69412 
e: 15 42 59 149 151 244 65 172 14 78 230 98 189 156 11 162 54 140 205 117 243 113 44 88 79 
Elapse: 3.98
161.25|4.00 161.93|4.02 160.98|3.99 161.03|3.98 160.74|3.97 160.98|3.94 161.25|4.00 160.69|3.98 161.06|3.93 161.18|3.91 

