0 n = 250 m = 0.3n
AverObjVal: 86.153824 AverElapse: 23.238466
Best case:
MaxMinD: 86.50669 
e: 2 6 8 10 46 48 61 68 80 93 102 110 111 123 135 138 144 156 169 175 180 182 188 213 214 217 218 226 229 230 231 233 116 147 104 95 63 243 51 70 3 119 89 219 9 159 200 17 82 246 166 232 189 78 209 238 240 242 84 12 167 73 128 53 134 32 100 41 164 31 204 237 143 193 248 
Elapse: 23.37
Worst case:
MaxMinD: 85.89936 
e: 2 13 17 18 32 41 43 46 61 63 64 77 78 80 84 93 111 119 123 138 144 147 159 169 176 209 210 214 217 230 232 237 246 247 238 40 171 248 114 187 175 204 30 9 184 105 212 240 28 122 135 226 236 182 95 145 3 164 188 51 242 173 154 206 218 128 231 70 219 31 189 6 100 239 45 
Elapse: 23.30
85.90|23.30 86.17|23.36 86.17|23.08 86.51|23.37 86.04|23.14 86.10|23.24 86.17|23.12 85.97|23.21 86.17|23.34 86.34|23.24 

1 n = 250 m = 0.3n
AverObjVal: 107.56966 AverElapse: 23.924168
Best case:
MaxMinD: 107.73335 
e: 6 7 10 11 39 40 51 58 63 85 96 107 112 115 118 119 120 122 133 163 176 179 180 205 211 221 231 235 249 202 149 245 66 232 98 109 25 15 138 44 19 88 99 20 190 90 144 76 183 77 188 217 89 16 59 208 223 173 125 61 132 45 143 106 214 227 128 57 137 187 46 9 83 230 113 
Elapse: 23.96
Worst case:
MaxMinD: 107.228966 
e: 7 9 51 58 69 74 76 77 88 89 98 106 113 115 125 128 138 149 179 192 203 208 232 245 249 23 20 116 215 1 109 10 47 187 83 202 190 205 11 221 59 140 107 45 16 5 66 211 36 144 6 30 235 90 15 96 143 214 183 176 230 43 231 132 61 63 133 57 227 46 118 87 173 44 119 
Elapse: 23.80
107.44|23.94 107.73|23.96 107.69|23.83 107.65|23.91 107.23|23.80 107.58|24.02 107.44|23.98 107.73|23.89 107.62|24.05 107.58|23.87 

2 n = 250 m = 0.3n
AverObjVal: 70.2479 AverElapse: 22.672142
Best case:
MaxMinD: 70.39376 
e: 6 18 24 45 57 60 71 75 84 85 89 101 102 127 134 146 151 172 175 195 196 218 220 233 234 249 235 17 198 197 31 94 137 193 208 119 166 228 11 183 241 93 90 244 130 185 189 170 29 123 1 96 122 212 210 97 142 14 100 179 121 124 36 145 246 106 15 144 230 186 211 162 205 217 7 
Elapse: 22.69
Worst case:
MaxMinD: 70.110954 
e: 4 12 14 15 45 48 54 57 75 89 117 123 131 142 144 159 164 175 183 205 218 220 233 244 246 247 134 17 50 185 234 83 124 112 211 6 219 100 223 102 197 29 179 137 186 1 33 151 241 119 235 122 222 106 24 39 18 173 196 96 53 60 101 170 166 195 85 172 171 198 177 162 232 115 230 
Elapse: 22.61
70.18|22.61 70.27|22.93 70.29|22.62 70.27|22.81 70.25|22.68 70.11|22.61 70.29|22.85 70.25|22.46 70.39|22.69 70.18|22.48 

3 n = 250 m = 0.3n
AverObjVal: 41.680645 AverElapse: 22.16501
Best case:
MaxMinD: 41.75959 
e: 6 17 20 22 42 66 72 79 92 94 98 102 105 107 112 120 127 130 135 136 137 147 150 159 172 216 217 224 225 228 231 239 244 248 89 48 230 34 40 8 169 14 235 110 31 119 132 176 1 41 50 183 202 204 45 185 226 198 190 215 100 2 99 5 145 16 21 233 144 122 186 188 11 167 207 
Elapse: 22.21
Worst case:
MaxMinD: 41.55357 
e: 2 16 22 33 42 44 49 51 68 92 96 107 110 119 132 137 140 145 149 150 151 156 162 173 179 195 198 207 216 217 226 233 246 248 18 37 204 32 169 176 172 133 240 235 53 87 65 185 143 144 225 89 239 43 72 50 60 62 135 159 238 164 20 90 70 14 99 120 167 17 31 48 91 122 41 
Elapse: 22.13
41.76|22.21 41.67|22.28 41.67|22.29 41.64|22.13 41.67|22.07 41.69|22.39 41.55|22.13 41.72|22.03 41.73|22.09 41.72|22.03 

4 n = 250 m = 0.3n
AverObjVal: 140.29245 AverElapse: 23.743525
Best case:
MaxMinD: 140.37988 
e: 8 10 13 17 33 39 42 50 52 54 64 68 74 85 94 102 122 123 125 134 135 136 150 158 163 184 207 229 237 246 225 211 194 162 143 21 71 62 6 180 216 157 159 233 82 170 83 103 126 191 88 24 141 104 56 199 214 222 26 230 133 174 218 182 41 49 245 58 147 5 99 87 200 235 248 
Elapse: 23.89
Worst case:
MaxMinD: 140.10883 
e: 5 13 26 33 48 49 52 82 83 92 102 103 122 123 125 134 135 136 138 140 150 158 163 170 182 191 199 207 216 225 230 234 248 56 28 233 54 222 74 180 147 104 71 157 214 10 145 6 200 245 162 58 42 237 217 218 68 80 132 64 88 8 94 174 184 21 59 17 41 62 141 171 46 235 85 
Elapse: 23.60
140.38|23.89 140.32|24.32 140.38|23.79 140.38|23.56 140.11|23.60 140.24|23.77 140.38|23.64 140.13|23.78 140.38|23.61 140.24|23.46 

5 n = 250 m = 0.3n
AverObjVal: 137.082 AverElapse: 22.79288
Best case:
MaxMinD: 137.69435 
e: 7 17 28 32 46 52 53 61 65 74 82 116 121 126 128 141 142 145 146 157 162 163 168 178 182 192 195 200 203 218 220 33 1 12 130 76 219 133 202 38 206 184 119 64 180 107 194 21 152 201 26 221 45 165 190 204 77 244 60 40 175 235 113 83 108 14 93 0 54 148 71 222 50 173 139 
Elapse: 22.57
Worst case:
MaxMinD: 136.60385 
e: 1 14 25 26 39 40 44 45 46 50 61 76 77 82 83 96 123 126 133 152 162 165 189 190 192 206 221 237 140 93 28 52 141 168 53 33 130 174 142 71 112 113 163 202 238 116 17 247 118 139 218 145 146 148 7 65 47 166 172 157 244 64 182 175 183 179 67 137 21 32 220 249 186 170 105 
Elapse: 22.99
137.22|22.69 136.93|22.80 137.69|22.57 136.80|22.71 136.93|23.60 137.45|22.80 137.22|22.53 136.93|22.80 136.60|22.99 137.04|22.45 

6 n = 250 m = 0.3n
AverObjVal: 100.32033 AverElapse: 23.210125
Best case:
MaxMinD: 100.574455 
e: 0 1 6 16 25 27 32 57 64 65 85 91 92 104 106 111 117 128 133 138 139 145 146 157 160 183 211 226 229 232 234 247 100 248 15 95 42 172 225 82 213 228 236 165 197 186 9 93 204 153 187 239 98 203 122 130 54 86 140 175 205 34 44 184 149 135 181 99 208 96 168 243 198 176 89 
Elapse: 23.07
Worst case:
MaxMinD: 100.09125 
e: 6 8 13 16 25 27 30 32 34 47 49 50 54 60 82 91 96 99 104 111 138 145 186 208 214 218 243 232 31 237 1 24 169 234 9 225 122 86 149 198 181 89 187 17 39 133 85 106 42 215 160 209 71 165 128 233 236 130 203 184 175 213 226 140 100 51 172 248 189 98 210 92 80 43 211 
Elapse: 23.50
100.31|22.98 100.21|23.24 100.09|23.50 100.45|23.16 100.31|23.03 100.28|23.04 100.27|23.59 100.36|23.16 100.57|23.07 100.36|23.34 

7 n = 250 m = 0.3n
AverObjVal: 119.146164 AverElapse: 23.620121
Best case:
MaxMinD: 119.70923 
e: 6 12 24 32 39 41 47 50 63 64 67 70 72 77 85 88 102 118 131 133 144 148 153 156 163 173 181 183 192 196 201 214 219 236 238 240 182 123 100 81 43 161 170 134 84 233 110 114 31 116 44 42 78 249 94 105 152 200 126 162 215 103 109 164 230 223 29 206 198 168 76 158 119 33 23 
Elapse: 23.48
Worst case:
MaxMinD: 118.93027 
e: 30 31 42 43 59 67 76 77 78 83 84 94 100 103 109 114 119 123 133 150 152 162 182 183 201 225 241 215 33 206 23 192 185 105 181 158 229 236 54 126 164 179 81 144 196 198 148 6 200 25 173 240 50 12 212 110 72 214 64 249 116 219 102 44 47 9 161 233 176 10 106 134 145 186 69 
Elapse: 24.12
118.93|24.12 119.04|23.65 119.00|23.61 118.98|23.74 118.93|23.61 119.29|23.48 119.71|23.48 119.04|23.28 119.04|23.37 119.51|23.87 

8 n = 250 m = 0.3n
AverObjVal: 112.30493 AverElapse: 23.24425
Best case:
MaxMinD: 112.82965 
e: 0 11 21 24 32 34 43 47 51 52 60 78 85 93 96 98 104 107 108 112 138 142 148 149 150 152 161 167 169 194 198 223 225 242 244 119 234 188 160 173 35 71 91 27 178 176 185 111 129 63 72 199 157 196 144 90 236 208 48 237 147 38 1 209 248 46 134 20 123 12 26 241 114 30 233 
Elapse: 23.20
Worst case:
MaxMinD: 111.83462 
e: 0 10 12 16 20 21 35 38 40 43 46 47 71 85 91 104 111 114 120 147 148 149 160 167 176 194 196 198 199 209 223 225 231 236 241 248 129 226 48 112 238 188 178 68 213 96 52 107 244 119 142 138 51 63 157 11 123 34 90 239 14 242 1 152 245 45 134 60 32 208 26 24 150 185 173 
Elapse: 23.19
112.46|23.29 112.46|23.23 111.83|23.19 111.97|23.15 112.79|23.46 112.36|23.28 112.83|23.20 112.10|23.21 112.41|23.26 111.83|23.18 

9 n = 250 m = 0.3n
AverObjVal: 133.42851 AverElapse: 24.715008
Best case:
MaxMinD: 134.09325 
e: 10 11 21 42 44 47 57 70 78 84 86 93 94 99 112 113 127 131 132 134 139 145 151 156 162 172 175 177 189 196 205 220 224 225 230 79 80 6 176 33 187 30 161 35 215 223 97 248 182 90 201 98 38 244 173 150 56 227 117 1 59 130 62 65 48 195 179 181 123 199 209 149 20 143 61 
Elapse: 23.81
Worst case:
MaxMinD: 133.1946 
e: 1 10 11 20 22 35 42 74 84 86 94 102 112 123 127 128 131 132 149 150 151 156 197 198 209 223 224 230 234 113 158 72 21 134 154 161 195 14 205 177 183 47 162 44 78 163 55 59 6 196 201 79 88 7 169 98 172 236 33 244 225 75 38 130 140 90 173 70 65 176 143 61 15 116 155 
Elapse: 23.73
133.48|23.78 133.22|23.86 133.19|23.73 133.34|23.83 133.34|29.21 133.34|24.48 133.32|26.87 134.09|23.81 133.47|23.77 133.47|23.81 

