0 n = 100 m = 0.3n
AverObjVal: 111.88438 AverElapse: 3.5341728
Best case:
MaxMinD: 112.03156 
e: 1 3 11 28 50 53 65 68 76 90 97 27 98 17 29 59 87 18 67 37 91 23 36 99 48 24 30 5 84 10 
Elapse: 3.64
Worst case:
MaxMinD: 111.70566 
e: 1 5 45 50 53 59 68 70 73 76 85 91 97 9 71 65 86 36 37 48 81 35 11 67 8 28 24 30 90 18 
Elapse: 3.54
111.71|3.54 112.03|3.64 112.03|3.47 112.03|3.60 111.76|3.56 111.76|3.52 111.96|3.52 112.03|3.49 111.76|3.53 111.76|3.47 

1 n = 100 m = 0.3n
AverObjVal: 53.60708 AverElapse: 3.2271762
Best case:
MaxMinD: 53.646404 
e: 2 10 35 36 41 47 64 66 74 80 87 93 96 58 72 88 89 67 59 94 26 95 9 34 68 7 76 19 33 55 
Elapse: 3.18
Worst case:
MaxMinD: 53.253197 
e: 26 36 41 42 47 50 53 68 72 73 76 79 80 85 87 89 94 3 35 91 34 66 74 55 93 0 64 70 19 95 
Elapse: 3.34
53.65|3.18 53.65|3.24 53.65|3.27 53.65|3.33 53.65|3.26 53.25|3.34 53.65|3.19 53.65|3.14 53.65|3.14 53.65|3.18 

2 n = 100 m = 0.3n
AverObjVal: 63.149616 AverElapse: 3.3180058
Best case:
MaxMinD: 63.155067 
e: 2 5 6 8 25 33 46 48 57 58 73 76 77 80 68 64 34 17 51 43 18 27 54 11 75 28 49 30 20 63 
Elapse: 3.30
Worst case:
MaxMinD: 63.127827 
e: 5 11 16 17 25 31 49 57 67 73 80 82 92 22 30 77 63 2 46 74 48 6 51 54 28 58 27 18 20 79 
Elapse: 3.33
63.16|3.30 63.16|3.33 63.13|3.33 63.16|3.30 63.16|3.34 63.16|3.39 63.16|3.23 63.16|3.36 63.16|3.35 63.13|3.25 

3 n = 100 m = 0.3n
AverObjVal: 54.99691 AverElapse: 3.2762344
Best case:
MaxMinD: 55.290962 
e: 3 8 9 10 32 39 46 55 68 76 99 95 27 21 5 24 97 66 15 53 28 38 60 51 84 72 40 13 91 67 
Elapse: 3.30
Worst case:
MaxMinD: 54.81187 
e: 5 10 24 26 28 52 53 68 74 76 98 99 95 3 86 67 72 42 58 8 97 55 64 91 11 61 80 40 29 78 
Elapse: 3.23
55.01|3.26 54.81|3.23 54.88|3.24 54.81|3.28 55.04|3.30 54.81|3.28 55.29|3.30 55.01|3.31 55.01|3.29 55.29|3.28 

4 n = 100 m = 0.3n
AverObjVal: 127.60045 AverElapse: 3.4003773
Best case:
MaxMinD: 127.60045 
e: 13 30 37 49 56 60 70 82 91 92 94 90 57 96 35 5 73 72 15 48 22 28 54 75 81 25 19 51 16 97 
Elapse: 3.40
Worst case:
MaxMinD: 127.60045 
e: 13 30 37 49 56 60 70 82 91 92 94 90 57 96 35 5 73 72 15 48 22 28 54 75 81 25 19 51 16 97 
Elapse: 3.40
127.60|3.40 127.60|3.50 127.60|3.46 127.60|3.39 127.60|3.34 127.60|3.33 127.60|3.34 127.60|3.39 127.60|3.36 127.60|3.49 

5 n = 100 m = 0.3n
AverObjVal: 83.636765 AverElapse: 3.4370022
Best case:
MaxMinD: 84.07334 
e: 8 11 28 31 33 40 44 57 74 76 78 82 89 91 24 43 52 0 42 37 84 87 21 73 86 17 59 95 26 69 
Elapse: 3.44
Worst case:
MaxMinD: 83.1612 
e: 9 26 47 48 52 78 85 87 89 91 94 80 76 57 0 37 16 30 33 73 82 69 90 84 21 86 14 42 45 68 
Elapse: 3.42
84.07|3.44 84.07|3.47 83.16|3.42 84.07|3.45 84.07|3.43 83.16|3.43 83.36|3.43 84.07|3.43 83.16|3.48 83.16|3.40 

6 n = 100 m = 0.3n
AverObjVal: 132.48018 AverElapse: 3.4877896
Best case:
MaxMinD: 132.48016 
e: 2 12 18 20 22 23 24 26 34 36 46 59 76 79 92 39 65 3 33 62 50 35 55 66 69 56 91 52 54 90 
Elapse: 3.41
Worst case:
MaxMinD: 132.48016 
e: 2 12 18 20 22 23 24 26 34 36 46 59 76 79 92 39 65 3 33 62 50 35 55 66 69 56 91 52 54 90 
Elapse: 3.41
132.48|3.41 132.48|3.41 132.48|3.48 132.48|3.51 132.48|3.51 132.48|3.57 132.48|3.53 132.48|3.55 132.48|3.37 132.48|3.54 

7 n = 100 m = 0.3n
AverObjVal: 14.294159 AverElapse: 2.870187
Best case:
MaxMinD: 14.294159 
e: 0 5 7 8 10 12 14 16 30 42 43 49 51 62 66 72 73 74 92 3 41 15 59 54 78 29 11 60 18 86 
Elapse: 2.88
Worst case:
MaxMinD: 14.294159 
e: 0 5 7 8 10 12 14 16 30 42 43 49 51 62 66 72 73 74 92 3 41 15 59 54 78 29 11 60 18 86 
Elapse: 2.88
14.29|2.88 14.29|2.84 14.29|2.83 14.29|2.85 14.29|2.83 14.29|2.85 14.29|2.94 14.29|2.89 14.29|2.90 14.29|2.88 

8 n = 100 m = 0.3n
AverObjVal: 113.03538 AverElapse: 3.4889717
Best case:
MaxMinD: 113.107254 
e: 0 2 8 12 16 38 39 41 42 64 74 75 77 83 86 88 95 52 4 97 29 61 91 35 70 36 3 68 90 37 
Elapse: 3.52
Worst case:
MaxMinD: 112.51149 
e: 0 8 15 40 64 68 72 77 95 96 97 20 26 29 88 12 35 51 86 25 58 70 41 83 21 49 42 31 93 75 
Elapse: 3.40
113.11|3.52 113.11|3.60 113.11|3.53 112.98|3.58 113.11|3.52 113.11|3.52 112.51|3.40 113.11|3.42 113.11|3.39 113.11|3.41 

9 n = 100 m = 0.3n
AverObjVal: 73.73872 AverElapse: 3.344542
Best case:
MaxMinD: 74.03852 
e: 3 6 16 25 28 44 74 79 87 2 97 12 83 99 41 43 51 1 89 91 18 75 22 33 38 59 46 61 84 32 
Elapse: 3.31
Worst case:
MaxMinD: 73.52047 
e: 1 3 12 22 25 28 32 56 61 74 82 89 75 81 47 86 91 18 41 46 87 97 44 99 79 52 84 6 38 33 
Elapse: 3.32
74.04|3.31 74.04|3.46 73.52|3.32 73.52|3.43 73.52|3.35 74.04|3.31 73.52|3.34 73.63|3.30 74.04|3.32 73.52|3.31 

