0 n = 100 m = 0.3n
AverObjVal: 111.91752 AverElapse: 2.4120533
Best case:
MaxMinD: 112.03156 
e: 1 9 16 18 27 28 30 36 37 48 50 53 65 76 91 97 87 35 23 24 67 90 68 17 59 5 11 99 84 10 
Elapse: 2.41
Worst case:
MaxMinD: 111.69709 
e: 1 5 9 17 24 37 43 65 91 97 28 18 59 90 48 76 53 71 36 50 68 54 73 27 10 87 67 3 23 70 
Elapse: 2.40
111.76|2.47 112.03|2.41 111.70|2.40 111.76|2.39 111.76|2.40 112.03|2.42 112.03|2.42 112.03|2.42 112.03|2.38 112.03|2.40 

1 n = 100 m = 0.3n
AverObjVal: 53.6464 AverElapse: 2.1935015
Best case:
MaxMinD: 53.646404 
e: 2 13 26 39 41 47 52 58 59 66 76 80 89 93 94 96 50 67 56 74 7 18 34 35 87 33 64 95 19 55 
Elapse: 2.19
Worst case:
MaxMinD: 53.646404 
e: 2 13 26 39 41 47 52 58 59 66 76 80 89 93 94 96 50 67 56 74 7 18 34 35 87 33 64 95 19 55 
Elapse: 2.19
53.65|2.19 53.65|2.20 53.65|2.19 53.65|2.18 53.65|2.18 53.65|2.20 53.65|2.21 53.65|2.20 53.65|2.20 53.65|2.19 

2 n = 100 m = 0.3n
AverObjVal: 63.152344 AverElapse: 2.2672791
Best case:
MaxMinD: 63.155067 
e: 4 5 13 15 17 20 22 25 30 33 48 49 51 80 85 95 39 92 2 11 28 59 18 79 77 26 82 54 21 63 
Elapse: 2.26
Worst case:
MaxMinD: 63.127827 
e: 5 13 18 20 22 25 26 30 31 39 47 48 52 53 63 77 95 87 2 54 21 15 24 28 49 80 82 57 6 79 
Elapse: 2.30
63.16|2.26 63.13|2.30 63.16|2.25 63.16|2.28 63.16|2.25 63.16|2.26 63.16|2.27 63.16|2.27 63.16|2.24 63.16|2.30 

3 n = 100 m = 0.3n
AverObjVal: 55.043945 AverElapse: 2.2432334
Best case:
MaxMinD: 55.290962 
e: 3 5 10 55 67 72 76 91 99 21 45 39 46 68 97 24 95 38 51 9 28 29 53 84 8 66 40 13 60 27 
Elapse: 2.27
Worst case:
MaxMinD: 54.81187 
e: 0 3 5 8 10 11 23 25 29 38 42 55 69 74 76 80 91 99 95 67 79 94 24 68 28 78 72 84 64 53 
Elapse: 2.23
55.07|2.23 55.01|2.23 55.04|2.23 55.01|2.24 55.01|2.26 55.04|2.24 55.07|2.25 55.07|2.25 54.81|2.23 55.29|2.27 

4 n = 100 m = 0.3n
AverObjVal: 127.60045 AverElapse: 2.3159013
Best case:
MaxMinD: 127.60045 
e: 2 13 16 19 25 28 35 38 48 49 51 56 67 70 74 81 94 15 20 78 75 91 22 30 54 37 92 57 96 97 
Elapse: 2.32
Worst case:
MaxMinD: 127.60045 
e: 2 13 16 19 25 28 35 38 48 49 51 56 67 70 74 81 94 15 20 78 75 91 22 30 54 37 92 57 96 97 
Elapse: 2.32
127.60|2.32 127.60|2.31 127.60|2.34 127.60|2.33 127.60|2.26 127.60|2.32 127.60|2.32 127.60|2.33 127.60|2.30 127.60|2.33 

5 n = 100 m = 0.3n
AverObjVal: 83.98213 AverElapse: 2.319915
Best case:
MaxMinD: 84.07334 
e: 21 39 40 57 70 73 74 76 78 82 11 26 87 0 8 69 17 59 28 31 24 89 91 84 37 43 42 86 52 95 
Elapse: 2.32
Worst case:
MaxMinD: 83.1612 
e: 0 11 12 14 21 26 40 47 48 57 70 73 74 78 84 85 87 94 39 77 89 37 91 9 42 76 86 82 15 68 
Elapse: 2.30
84.07|2.32 84.07|2.35 84.07|2.32 84.07|2.32 84.07|2.31 84.07|2.28 84.07|2.34 84.07|2.36 83.16|2.30 84.07|2.30 

6 n = 100 m = 0.3n
AverObjVal: 132.48018 AverElapse: 2.3268507
Best case:
MaxMinD: 132.48016 
e: 3 12 26 33 35 36 56 59 62 76 79 34 69 39 46 24 42 22 91 92 50 66 45 65 20 23 55 52 2 90 
Elapse: 2.33
Worst case:
MaxMinD: 132.48016 
e: 3 12 26 33 35 36 56 59 62 76 79 34 69 39 46 24 42 22 91 92 50 66 45 65 20 23 55 52 2 90 
Elapse: 2.33
132.48|2.33 132.48|2.33 132.48|2.31 132.48|2.34 132.48|2.33 132.48|2.33 132.48|2.33 132.48|2.32 132.48|2.33 132.48|2.34 

7 n = 100 m = 0.3n
AverObjVal: 14.294159 AverElapse: 1.9900038
Best case:
MaxMinD: 14.294159 
e: 3 5 7 33 43 49 51 59 65 66 74 93 38 87 54 21 41 60 14 8 29 42 78 75 62 10 92 81 0 86 
Elapse: 1.98
Worst case:
MaxMinD: 14.294159 
e: 3 5 7 33 43 49 51 59 65 66 74 93 38 87 54 21 41 60 14 8 29 42 78 75 62 10 92 81 0 86 
Elapse: 1.98
14.29|1.98 14.29|1.95 14.29|1.98 14.29|2.00 14.29|2.03 14.29|1.98 14.29|1.96 14.29|2.01 14.29|2.01 14.29|2.00 

8 n = 100 m = 0.3n
AverObjVal: 113.10551 AverElapse: 2.3688755
Best case:
MaxMinD: 113.107254 
e: 0 3 26 29 36 42 61 68 70 88 90 93 95 97 86 2 12 77 4 83 71 35 91 41 52 8 64 74 39 37 
Elapse: 2.39
Worst case:
MaxMinD: 113.101425 
e: 12 35 53 65 68 73 74 83 95 71 20 64 21 41 30 8 29 81 38 88 98 96 86 25 7 31 93 40 4 77 
Elapse: 2.33
113.10|2.33 113.11|2.39 113.10|2.37 113.11|2.38 113.11|2.36 113.11|2.37 113.11|2.37 113.10|2.37 113.11|2.36 113.11|2.38 

9 n = 100 m = 0.3n
AverObjVal: 74.03852 AverElapse: 2.2834506
Best case:
MaxMinD: 74.03852 
e: 1 3 12 17 18 32 51 52 56 61 75 79 82 83 91 84 38 99 41 43 73 57 87 89 97 6 22 81 46 74 
Elapse: 2.28
Worst case:
MaxMinD: 74.03852 
e: 1 3 12 17 18 32 51 52 56 61 75 79 82 83 91 84 38 99 41 43 73 57 87 89 97 6 22 81 46 74 
Elapse: 2.28
74.04|2.28 74.04|2.30 74.04|2.31 74.04|2.27 74.04|2.28 74.04|2.29 74.04|2.28 74.04|2.29 74.04|2.27 74.04|2.28 

