0 n = 500 m = 0.3n
AverObjVal: 105.61778 AverElapse: 153.47234
Best case:
MaxMinD: 105.84117 
e: 0 18 28 30 32 41 46 48 52 58 79 89 100 106 108 109 111 128 129 132 135 138 140 146 156 158 162 163 172 173 181 192 204 217 218 225 228 229 236 242 244 246 271 273 276 277 278 286 298 299 323 333 334 341 343 345 355 376 377 393 401 409 412 424 440 444 448 451 461 484 361 494 152 20 453 222 356 101 275 300 23 322 184 49 239 45 150 151 240 114 426 483 314 11 328 16 207 126 319 473 88 434 485 85 221 406 93 176 31 115 391 268 130 208 487 408 287 289 411 302 290 120 441 66 422 190 123 404 307 442 33 498 68 466 3 7 480 305 144 265 462 294 318 388 69 347 61 62 119 107 
Elapse: 152.78
Worst case:
MaxMinD: 105.34717 
e: 23 25 28 31 32 44 48 52 57 58 67 70 73 85 88 101 108 109 114 115 119 128 129 130 133 139 150 156 162 163 172 173 176 184 185 204 207 208 217 222 233 242 265 272 277 278 282 286 287 304 314 328 334 343 345 349 355 369 393 397 410 412 426 440 442 444 448 450 462 466 473 492 496 487 254 37 33 87 360 401 275 289 181 422 494 424 3 323 7 112 188 489 196 244 427 49 330 167 92 61 302 236 307 356 408 169 39 459 252 46 389 385 483 290 62 216 273 171 198 451 75 79 376 441 377 100 106 120 276 18 461 132 69 396 135 443 190 209 476 191 319 333 453 484 498 134 66 228 30 234 
Elapse: 153.95
105.61|153.86 105.84|152.78 105.35|153.95 105.61|153.85 105.67|152.92 

1 n = 500 m = 0.3n
AverObjVal: 62.885597 AverElapse: 150.13231
Best case:
MaxMinD: 62.9425 
e: 2 18 20 37 52 73 84 85 94 95 99 109 138 139 142 145 152 161 163 171 196 225 226 243 244 250 253 278 281 283 284 292 303 317 319 324 327 333 339 341 347 357 361 375 393 395 401 409 413 419 421 423 429 430 443 462 463 474 484 487 490 0 459 256 249 33 114 465 29 264 112 245 5 431 104 287 220 143 59 312 62 173 352 288 134 106 60 254 16 293 120 291 8 11 113 483 368 492 181 15 489 41 155 418 305 72 97 79 397 412 198 422 172 189 390 205 167 285 388 51 217 234 445 164 193 160 362 272 456 10 180 153 400 411 157 78 260 92 182 405 404 203 186 335 116 42 407 231 270 416 
Elapse: 150.17
Worst case:
MaxMinD: 62.69661 
e: 41 45 50 51 53 64 72 73 79 85 90 94 96 97 102 104 113 135 155 156 160 181 182 194 196 198 205 210 225 244 254 270 272 279 283 284 293 305 312 320 333 361 388 390 393 395 400 401 404 405 412 413 419 422 434 442 445 474 477 484 486 490 492 285 260 109 463 460 391 203 421 118 396 18 46 10 186 233 337 269 431 329 432 256 207 62 459 6 409 245 483 77 84 189 340 427 323 462 464 234 469 37 471 247 11 255 250 479 281 487 29 375 223 52 350 95 327 424 319 201 265 264 295 470 220 465 266 289 291 157 292 195 423 78 99 324 60 134 177 318 335 145 153 193 339 362 397 352 288 163 
Elapse: 150.16
62.94|150.17 62.92|150.94 62.94|149.23 62.70|150.16 62.92|150.16 

2 n = 500 m = 0.3n
AverObjVal: 116.329384 AverElapse: 153.82938
Best case:
MaxMinD: 116.7904 
e: 10 12 22 30 34 36 37 43 45 70 96 112 120 123 131 141 149 155 162 179 184 189 193 210 225 226 252 253 256 270 288 297 298 303 308 309 310 320 321 325 335 348 352 354 355 356 357 359 383 388 410 416 418 421 429 444 448 452 460 462 467 473 479 480 200 346 284 215 13 301 347 341 24 23 497 433 455 409 275 29 47 94 192 5 368 458 26 1 164 6 422 437 102 110 470 434 260 125 477 481 81 130 364 60 287 132 257 84 25 152 222 365 113 85 182 199 376 205 311 243 276 294 304 313 202 318 329 191 289 393 89 114 166 245 75 136 328 373 4 99 208 223 171 491 212 493 323 233 277 415 
Elapse: 153.67
Worst case:
MaxMinD: 116.1717 
e: 1 10 16 20 23 25 29 30 35 38 40 45 48 53 60 76 81 83 96 101 105 113 120 130 132 137 139 149 153 166 168 181 182 184 189 193 208 221 223 225 230 231 245 252 256 261 265 270 281 298 309 313 324 325 326 347 354 355 376 378 399 415 433 437 438 455 460 481 482 392 165 406 80 136 463 135 69 395 5 316 160 318 493 12 84 497 233 422 375 303 199 70 356 242 171 379 288 197 22 257 114 260 284 34 435 36 26 216 364 294 43 6 346 202 112 118 4 368 75 301 100 125 304 321 388 337 352 277 300 205 172 224 373 215 383 329 123 141 310 341 210 253 357 110 454 448 162 491 293 359 
Elapse: 157.81
116.21|152.64 116.17|152.57 116.17|157.81 116.79|153.67 116.30|152.45 

3 n = 500 m = 0.3n
AverObjVal: 116.69359 AverElapse: 154.1825
Best case:
MaxMinD: 116.75502 
e: 4 7 9 14 17 32 35 42 51 53 55 61 79 103 107 109 111 142 154 155 157 160 163 165 171 174 178 180 205 211 213 224 226 231 238 247 252 259 268 276 283 290 295 304 319 331 334 346 349 355 378 383 389 398 399 400 415 433 436 438 448 453 456 461 489 499 410 351 3 219 413 442 204 460 491 382 307 310 435 166 372 57 337 113 164 221 286 5 222 229 16 168 477 447 462 245 21 232 287 376 48 466 66 361 99 62 19 291 116 386 341 208 249 494 443 257 265 258 371 261 301 293 70 318 446 380 495 381 90 452 236 414 412 427 431 486 437 366 121 326 240 120 59 98 209 233 340 201 33 145 
Elapse: 154.03
Worst case:
MaxMinD: 116.67824 
e: 3 5 17 19 33 40 62 99 113 119 121 125 136 142 148 150 151 154 157 160 174 196 203 224 226 231 232 247 252 256 258 259 268 286 287 289 291 293 295 298 304 307 318 331 342 349 351 355 361 377 382 400 410 417 424 437 446 447 456 468 489 490 491 495 496 497 341 427 9 448 59 126 433 86 179 149 486 21 452 429 42 354 0 31 165 79 128 478 436 120 453 393 322 61 159 475 292 431 168 309 310 399 163 274 166 464 443 487 240 366 109 261 14 479 16 51 276 480 494 214 363 413 312 245 204 364 378 499 205 55 380 319 266 107 180 371 206 381 357 32 383 290 132 184 401 221 236 208 201 472 
Elapse: 152.39
116.68|152.39 116.68|154.19 116.76|154.03 116.68|153.39 116.68|156.91 

4 n = 500 m = 0.3n
AverObjVal: 92.276 AverElapse: 153.98004
Best case:
MaxMinD: 92.40175 
e: 3 4 10 14 24 45 52 53 56 60 62 73 76 86 94 103 106 126 129 137 149 162 174 193 197 217 220 222 234 235 238 239 251 254 266 267 277 285 293 312 313 326 332 333 343 346 349 374 379 383 390 391 405 418 428 431 441 453 466 470 479 486 498 240 125 168 412 481 26 369 396 432 218 44 216 443 141 336 5 11 111 155 350 215 298 357 341 385 142 123 130 339 27 221 83 200 280 88 408 90 272 307 189 409 426 358 229 9 265 195 269 420 87 468 93 33 39 366 48 206 435 253 64 69 214 70 108 436 281 480 282 458 370 454 291 318 271 451 211 309 380 457 483 243 438 459 499 139 54 335 
Elapse: 153.53
Worst case:
MaxMinD: 92.18321 
e: 5 9 14 27 28 33 44 53 56 60 62 64 70 76 93 108 109 120 124 126 138 139 143 150 151 165 174 177 193 198 211 240 253 254 262 265 271 280 281 291 309 312 318 326 336 339 343 349 357 363 365 369 374 378 383 384 391 408 409 412 418 419 426 428 432 435 446 453 457 458 466 479 486 493 498 289 121 168 335 267 272 106 221 431 439 348 443 234 459 417 81 282 142 380 214 480 149 157 217 111 235 194 94 481 277 441 45 10 403 372 219 206 483 69 239 102 290 298 162 164 307 385 396 222 484 261 394 315 346 334 444 448 451 215 366 39 248 496 276 350 24 269 216 379 358 26 73 54 351 3 
Elapse: 152.93
92.40|153.53 92.18|152.93 92.35|156.78 92.25|153.92 92.19|152.74 

