0 n = 100 m = 0.1n
AverObjVal: 143.89903 AverElapse: 0.5351563
Best case:
MaxMinD: 143.89903 
e: 37 98 84 5 50 33 27 1 65 7 
Elapse: 0.57
Worst case:
MaxMinD: 143.89903 
e: 37 98 84 5 50 33 27 1 65 7 
Elapse: 0.57
143.90|0.57 143.90|0.54 143.90|0.54 143.90|0.54 143.90|0.53 143.90|0.53 143.90|0.52 143.90|0.52 143.90|0.53 143.90|0.53 

1 n = 100 m = 0.1n
AverObjVal: 89.00518 AverElapse: 0.51083815
Best case:
MaxMinD: 89.00517 
e: 68 96 93 79 18 74 35 87 33 89 
Elapse: 0.51
Worst case:
MaxMinD: 89.00517 
e: 68 96 93 79 18 74 35 87 33 89 
Elapse: 0.51
89.01|0.51 89.01|0.50 89.01|0.51 89.01|0.51 89.01|0.51 89.01|0.51 89.01|0.51 89.01|0.51 89.01|0.52 89.01|0.52 

2 n = 100 m = 0.1n
AverObjVal: 100.58864 AverElapse: 0.51870763
Best case:
MaxMinD: 100.588646 
e: 73 26 18 28 17 30 75 80 59 48 
Elapse: 0.52
Worst case:
MaxMinD: 100.588646 
e: 73 26 18 28 17 30 75 80 59 48 
Elapse: 0.52
100.59|0.52 100.59|0.52 100.59|0.52 100.59|0.52 100.59|0.52 100.59|0.52 100.59|0.52 100.59|0.51 100.59|0.52 100.59|0.52 

3 n = 100 m = 0.1n
AverObjVal: 91.22691 AverElapse: 0.5175472
Best case:
MaxMinD: 91.226906 
e: 55 91 99 26 38 78 8 32 54 86 
Elapse: 0.52
Worst case:
MaxMinD: 91.226906 
e: 55 91 99 26 38 78 8 32 54 86 
Elapse: 0.52
91.23|0.52 91.23|0.52 91.23|0.52 91.23|0.52 91.23|0.52 91.23|0.52 91.23|0.52 91.23|0.51 91.23|0.51 91.23|0.52 

4 n = 100 m = 0.1n
AverObjVal: 158.70448 AverElapse: 0.5308105
Best case:
MaxMinD: 158.75365 
e: 35 52 98 74 60 17 75 37 81 38 
Elapse: 0.54
Worst case:
MaxMinD: 158.26195 
e: 48 72 82 75 60 73 57 37 98 74 
Elapse: 0.53
158.75|0.54 158.75|0.53 158.75|0.53 158.75|0.52 158.75|0.53 158.75|0.53 158.75|0.52 158.26|0.53 158.75|0.54 158.75|0.53 

5 n = 100 m = 0.1n
AverObjVal: 116.139755 AverElapse: 0.52751964
Best case:
MaxMinD: 116.13974 
e: 85 37 86 77 73 42 91 47 8 35 
Elapse: 0.53
Worst case:
MaxMinD: 116.13974 
e: 85 37 86 77 73 42 91 47 8 35 
Elapse: 0.53
116.14|0.53 116.14|0.53 116.14|0.52 116.14|0.52 116.14|0.53 116.14|0.53 116.14|0.53 116.14|0.53 116.14|0.53 116.14|0.53 

6 n = 100 m = 0.1n
AverObjVal: 165.31664 AverElapse: 0.5311533
Best case:
MaxMinD: 165.31664 
e: 2 36 12 46 73 58 24 74 84 71 
Elapse: 0.53
Worst case:
MaxMinD: 165.31664 
e: 2 36 12 46 73 58 24 74 84 71 
Elapse: 0.53
165.32|0.53 165.32|0.53 165.32|0.54 165.32|0.53 165.32|0.53 165.32|0.53 165.32|0.53 165.32|0.53 165.32|0.52 165.32|0.53 

7 n = 100 m = 0.1n
AverObjVal: 35.229744 AverElapse: 0.47234017
Best case:
MaxMinD: 35.229748 
e: 51 93 37 54 29 75 87 7 31 43 
Elapse: 0.48
Worst case:
MaxMinD: 35.229748 
e: 51 93 37 54 29 75 87 7 31 43 
Elapse: 0.48
35.23|0.48 35.23|0.47 35.23|0.47 35.23|0.47 35.23|0.47 35.23|0.47 35.23|0.47 35.23|0.47 35.23|0.47 35.23|0.47 

8 n = 100 m = 0.1n
AverObjVal: 146.25908 AverElapse: 0.53125876
Best case:
MaxMinD: 146.2591 
e: 33 42 68 92 0 29 74 75 20 70 
Elapse: 0.53
Worst case:
MaxMinD: 146.2591 
e: 33 42 68 92 0 29 74 75 20 70 
Elapse: 0.53
146.26|0.53 146.26|0.54 146.26|0.53 146.26|0.53 146.26|0.53 146.26|0.53 146.26|0.53 146.26|0.54 146.26|0.53 146.26|0.53 

9 n = 100 m = 0.1n
AverObjVal: 109.0058 AverElapse: 0.52636224
Best case:
MaxMinD: 109.286766 
e: 59 25 57 64 33 48 35 60 3 41 
Elapse: 0.53
Worst case:
MaxMinD: 106.47716 
e: 59 87 91 47 33 45 57 60 25 48 
Elapse: 0.52
109.29|0.53 109.29|0.52 109.29|0.52 109.29|0.53 109.29|0.53 109.29|0.52 109.29|0.53 106.48|0.52 109.29|0.53 109.29|0.52 

