0 n = 500 m = 0.3n
AverObjVal: 105.75399 AverElapse: 239.64636
Best case:
MaxMinD: 105.98049 
e: 6 16 18 23 31 41 44 46 52 57 58 61 63 68 70 79 84 88 96 106 114 120 130 146 156 162 163 169 198 200 216 220 228 229 233 236 265 266 271 274 277 279 290 298 299 300 301 307 319 328 331 332 333 349 355 358 386 387 393 401 412 426 434 439 441 448 451 467 483 498 361 95 138 484 3 126 335 119 422 494 263 148 424 173 20 323 385 128 207 217 172 480 388 32 140 369 234 135 278 74 489 10 461 432 132 11 129 14 276 289 239 488 176 185 391 100 473 191 322 101 353 33 199 408 343 413 334 93 405 442 444 0 456 48 62 66 466 222 453 450 460 462 218 190 238 294 410 288 204 108 
Elapse: 236.88
Worst case:
MaxMinD: 105.34717 
e: 11 17 44 46 58 62 63 66 67 68 74 79 88 101 102 105 106 156 163 172 173 176 185 191 192 200 213 220 222 233 239 251 263 272 276 289 290 298 299 323 345 369 385 397 405 412 432 439 442 448 451 453 466 473 484 488 494 108 454 469 18 3 207 38 138 0 306 162 10 49 393 52 422 271 275 326 41 333 426 208 365 65 355 132 325 386 236 319 114 190 334 198 14 388 389 30 211 343 216 472 146 408 15 61 57 344 497 252 460 64 181 218 120 424 277 302 16 349 254 441 20 100 186 400 461 84 335 282 463 96 376 228 367 240 23 119 134 450 462 31 300 169 242 32 294 279 483 410 184 234 
Elapse: 234.06
105.98|236.88 105.84|233.87 105.67|246.12 105.93|247.30 105.35|234.06 

1 n = 500 m = 0.3n
AverObjVal: 62.75652 AverElapse: 234.6956
Best case:
MaxMinD: 62.831448 
e: 2 10 11 16 37 72 73 85 92 94 95 96 113 118 131 141 142 153 160 172 186 198 199 202 205 207 210 220 226 228 231 248 261 264 270 284 291 293 312 315 318 327 361 364 393 395 396 401 409 412 417 419 422 423 437 461 474 483 484 490 460 390 427 269 245 99 97 265 397 256 247 217 335 223 225 249 104 305 67 135 20 159 24 76 33 0 90 489 416 355 281 52 260 418 290 80 487 196 404 60 462 405 359 77 443 465 473 479 375 283 234 45 17 193 432 244 134 492 400 276 292 346 71 62 88 50 329 319 78 156 112 29 145 350 167 177 250 181 195 463 182 486 79 155 171 320 353 351 391 36 
Elapse: 235.28
Worst case:
MaxMinD: 62.663563 
e: 5 10 17 20 22 37 41 60 62 72 73 85 92 99 113 115 128 135 137 157 172 173 177 178 181 182 186 194 195 198 203 205 233 251 256 281 283 284 291 293 302 305 309 312 324 327 333 339 344 350 351 357 361 364 367 395 397 400 405 418 442 461 462 471 474 483 484 486 490 492 369 424 207 487 318 393 468 234 64 329 74 155 79 131 29 341 244 185 269 118 413 307 61 445 0 160 423 390 409 375 164 346 88 11 226 139 429 422 431 437 95 36 430 125 362 296 112 97 411 470 319 396 47 412 243 134 167 416 463 193 313 347 489 225 348 469 261 52 108 196 227 388 285 428 245 142 247 250 253 494 
Elapse: 234.72
62.83|235.28 62.66|234.72 62.83|239.45 62.76|231.11 62.70|232.92 

2 n = 500 m = 0.3n
AverObjVal: 116.44546 AverElapse: 233.4509
Best case:
MaxMinD: 116.6055 
e: 1 5 10 30 34 35 37 43 45 48 53 60 62 65 70 84 88 96 99 101 112 113 125 132 139 149 162 165 181 184 191 193 202 210 213 216 225 243 252 255 260 284 294 298 301 310 316 321 323 324 325 326 328 329 346 347 355 373 375 376 383 410 442 448 455 460 470 318 245 166 385 466 365 354 123 182 481 435 313 357 51 277 416 4 303 233 253 130 75 223 256 197 257 76 189 341 276 309 363 392 208 24 409 83 163 20 221 254 141 289 230 135 212 26 437 352 164 98 36 215 22 454 222 297 172 359 393 118 304 381 25 399 414 415 418 422 497 273 283 356 438 300 395 458 333 493 344 287 152 80 
Elapse: 235.27
Worst case:
MaxMinD: 116.261734 
e: 5 11 12 25 29 35 43 46 48 60 69 70 80 83 84 101 123 125 130 132 135 136 141 149 152 163 166 171 181 193 197 205 223 233 238 252 254 256 257 260 270 277 294 297 298 304 310 313 321 333 335 341 347 352 355 369 383 399 421 425 437 446 467 470 474 481 488 493 497 325 309 359 306 491 210 113 455 107 72 194 476 50 212 283 202 225 301 316 200 376 276 4 245 137 164 168 6 175 351 88 10 30 473 34 284 76 51 139 61 265 328 275 20 112 24 118 324 1 116 120 346 184 357 165 172 388 463 364 182 75 183 354 198 215 242 293 208 329 452 458 187 379 221 460 243 33 368 422 404 356 
Elapse: 231.11
116.61|235.27 116.38|233.05 116.26|231.11 116.42|233.98 116.56|233.84 

3 n = 500 m = 0.3n
AverObjVal: 116.700584 AverElapse: 241.07893
Best case:
MaxMinD: 116.80178 
e: 6 16 17 19 33 45 82 114 125 128 132 146 159 164 165 166 182 186 205 221 231 239 247 259 276 291 293 304 313 318 332 354 355 364 369 378 379 393 410 433 435 436 447 448 456 461 462 472 483 486 496 497 498 196 400 214 184 120 162 489 180 494 340 99 474 495 5 232 11 397 106 268 286 490 261 219 3 430 471 249 84 298 252 81 226 499 59 289 431 258 266 303 256 466 473 48 479 124 142 151 491 154 349 351 157 160 40 295 61 366 212 381 86 233 143 413 271 341 292 363 464 245 65 70 427 437 331 188 103 382 357 360 95 163 280 208 225 111 241 168 236 38 9 31 401 274 58 32 434 309 
Elapse: 240.87
Worst case:
MaxMinD: 116.58971 
e: 3 14 16 17 19 28 30 31 32 62 86 93 99 106 109 121 122 125 143 158 163 166 174 179 180 186 201 204 219 226 228 231 233 240 261 268 271 274 276 287 291 309 315 321 331 339 349 355 357 381 386 399 408 410 431 433 437 448 456 462 495 496 497 494 435 142 436 453 363 256 378 397 6 187 102 160 457 138 338 452 159 319 442 214 307 5 486 461 398 414 128 423 184 11 340 352 20 103 427 464 51 145 499 157 120 292 92 479 42 165 446 286 136 236 178 241 318 304 310 351 211 295 371 151 132 289 247 258 346 259 205 407 253 212 79 413 59 266 472 150 466 382 447 221 322 107 401 225 82 483 
Elapse: 243.98
116.68|239.18 116.76|239.99 116.59|243.98 116.68|241.37 116.80|240.87 

4 n = 500 m = 0.3n
AverObjVal: 92.29024 AverElapse: 237.32678
Best case:
MaxMinD: 92.421364 
e: 5 9 11 13 18 22 27 39 41 48 53 56 60 62 63 73 83 90 95 96 101 108 111 123 126 148 149 155 162 168 174 189 193 206 234 254 262 279 290 306 312 314 318 327 339 349 378 380 385 395 405 412 418 431 436 442 443 454 458 473 480 483 492 486 150 277 239 31 70 426 265 482 76 498 408 3 238 217 130 342 320 163 343 106 222 267 54 221 61 10 211 200 356 86 438 441 49 64 358 335 479 248 253 291 420 94 216 346 261 451 390 269 280 57 103 194 325 453 457 69 422 357 409 125 490 394 496 281 447 313 363 369 137 379 45 466 470 396 307 435 220 459 278 491 52 259 499 119 157 309 
Elapse: 235.54
Worst case:
MaxMinD: 92.19392 
e: 5 9 26 27 35 39 48 53 60 73 80 88 106 108 123 126 130 132 137 139 155 162 168 174 177 188 197 215 217 222 240 253 254 265 269 292 306 314 318 335 339 346 350 363 369 375 378 379 395 412 417 418 435 436 444 453 468 481 486 227 62 225 52 282 14 416 498 313 419 285 361 164 208 374 186 239 86 54 405 194 195 234 443 211 420 307 296 44 180 248 214 380 145 299 149 427 400 448 193 56 221 396 454 200 94 64 267 142 466 103 348 479 408 45 63 245 474 457 261 349 278 87 157 490 249 357 266 384 426 76 281 235 422 393 3 287 409 10 83 109 291 101 111 475 141 312 315 383 131 4 
Elapse: 231.10
92.19|231.10 92.42|235.54 92.24|238.58 92.25|243.86 92.35|237.55 

