0 n = 250 m = 0.1n
AverObjVal: 113.57676 AverElapse: 6.3231916
Best case:
MaxMinD: 113.80816 
e: 2 51 68 134 157 182 192 173 147 187 169 98 233 135 6 232 204 234 86 164 237 240 18 88 123 
Elapse: 6.14
Worst case:
MaxMinD: 112.99302 
e: 70 123 157 218 51 74 31 237 25 134 9 173 46 127 182 187 192 217 153 167 63 233 2 202 86 
Elapse: 6.13
113.73|6.31 113.52|6.31 112.99|6.13 113.73|5.93 113.73|6.02 113.81|6.14 113.05|6.40 113.73|6.69 113.73|6.84 113.73|6.46 

1 n = 250 m = 0.1n
AverObjVal: 135.15652 AverElapse: 6.4242187
Best case:
MaxMinD: 135.72559 
e: 59 212 63 2 140 231 243 9 206 45 20 128 115 15 203 11 58 152 10 74 171 185 172 136 19 
Elapse: 6.37
Worst case:
MaxMinD: 134.67062 
e: 9 10 30 43 59 63 96 118 172 185 7 83 202 158 138 240 45 115 57 80 23 90 28 16 20 
Elapse: 6.14
135.02|6.46 135.73|6.37 134.97|6.44 135.73|6.46 134.87|6.48 134.94|6.51 134.97|6.55 134.94|6.59 135.73|6.24 134.67|6.14 

2 n = 250 m = 0.1n
AverObjVal: 97.663124 AverElapse: 6.0194964
Best case:
MaxMinD: 98.27398 
e: 188 241 29 166 155 179 98 130 142 249 236 106 198 0 186 84 211 122 115 220 228 15 25 51 230 
Elapse: 5.87
Worst case:
MaxMinD: 97.26713 
e: 66 84 122 166 246 247 159 210 144 106 179 90 75 14 155 24 50 175 230 234 202 198 162 0 211 
Elapse: 6.02
98.01|5.98 97.27|6.02 97.27|6.14 97.36|6.35 97.67|6.27 97.56|5.89 97.67|5.92 97.56|5.85 98.01|5.91 98.27|5.87 

3 n = 250 m = 0.1n
AverObjVal: 63.857056 AverElapse: 5.4730334
Best case:
MaxMinD: 64.05172 
e: 2 64 70 160 172 186 220 222 231 145 99 193 32 69 159 119 120 228 103 19 118 127 155 167 42 
Elapse: 5.54
Worst case:
MaxMinD: 63.55867 
e: 2 16 41 50 132 160 167 193 225 22 149 19 186 3 70 231 142 40 224 99 120 69 113 118 104 
Elapse: 5.49
63.56|5.49 63.92|5.42 64.01|5.46 64.01|5.47 63.72|5.48 63.92|5.48 63.72|5.45 64.05|5.54 63.92|5.48 63.72|5.48 

4 n = 250 m = 0.1n
AverObjVal: 167.80061 AverElapse: 5.947198
Best case:
MaxMinD: 167.9513 
e: 42 126 136 216 237 20 56 225 236 5 33 147 10 47 170 125 230 143 103 71 96 178 171 106 163 
Elapse: 5.96
Worst case:
MaxMinD: 167.25853 
e: 42 131 217 225 237 204 52 102 230 236 47 160 171 71 10 170 143 33 5 20 125 136 176 186 218 
Elapse: 5.97
167.95|5.96 167.95|5.96 167.95|5.95 167.85|5.94 167.95|5.93 167.85|5.96 167.95|5.94 167.95|5.94 167.37|5.93 167.26|5.97 

5 n = 250 m = 0.1n
AverObjVal: 165.37674 AverElapse: 6.1183963
Best case:
MaxMinD: 165.73404 
e: 67 100 167 242 189 82 11 142 74 246 46 44 175 128 233 243 170 77 96 157 140 87 99 203 26 
Elapse: 6.23
Worst case:
MaxMinD: 165.0592 
e: 26 165 82 11 152 162 83 140 163 128 206 74 77 218 29 224 67 148 189 194 93 170 203 167 235 
Elapse: 5.90
165.06|5.90 165.48|6.09 165.48|6.08 165.26|6.10 165.06|6.04 165.73|6.23 165.26|6.15 165.63|6.16 165.73|6.20 165.06|6.23 

6 n = 250 m = 0.1n
AverObjVal: 127.01506 AverElapse: 5.928922
Best case:
MaxMinD: 127.5267 
e: 68 130 163 1 39 85 12 140 142 155 93 108 198 104 132 144 157 16 203 65 97 126 13 174 129 
Elapse: 5.94
Worst case:
MaxMinD: 126.75567 
e: 1 39 82 104 154 197 203 179 89 198 106 65 142 13 15 32 36 151 108 155 85 150 126 213 16 
Elapse: 5.80
126.82|6.13 126.82|6.15 126.82|5.95 126.82|5.91 127.11|5.86 127.53|5.94 126.98|5.88 127.11|5.84 126.76|5.80 127.40|5.82 

7 n = 250 m = 0.1n
AverObjVal: 147.18732 AverElapse: 6.0559044
Best case:
MaxMinD: 147.79381 
e: 152 156 238 6 72 209 39 181 52 182 31 102 236 123 23 80 127 186 196 30 200 201 215 146 35 
Elapse: 6.00
Worst case:
MaxMinD: 146.7084 
e: 3 52 58 94 152 158 173 182 209 236 102 164 183 105 156 25 206 10 201 50 47 119 72 174 64 
Elapse: 5.92
146.90|5.98 147.39|5.98 147.42|5.92 147.04|6.03 146.71|5.92 147.04|6.04 147.39|5.99 147.79|6.00 147.29|6.16 146.90|6.54 

8 n = 250 m = 0.1n
AverObjVal: 138.74838 AverElapse: 6.5233583
Best case:
MaxMinD: 139.27641 
e: 16 51 78 203 244 226 107 17 161 59 129 98 0 10 32 248 71 208 85 102 216 104 55 12 52 
Elapse: 6.44
Worst case:
MaxMinD: 137.88763 
e: 32 66 70 88 98 107 157 12 71 102 17 52 208 216 127 85 129 72 234 78 104 248 10 20 91 
Elapse: 6.63
139.28|6.44 138.28|7.13 137.89|6.63 139.28|6.69 138.77|6.58 138.24|6.49 138.28|6.28 139.28|6.29 138.93|6.37 139.28|6.34 

9 n = 250 m = 0.1n
AverObjVal: 161.25322 AverElapse: 6.330518
Best case:
MaxMinD: 161.93358 
e: 42 78 88 117 205 248 112 156 113 14 65 162 172 175 189 149 152 223 151 59 56 15 161 243 11 
Elapse: 6.36
Worst case:
MaxMinD: 160.6596 
e: 149 232 44 140 62 172 79 229 56 189 223 54 117 243 78 65 244 151 156 14 88 11 42 47 134 
Elapse: 6.24
161.25|6.37 161.25|6.40 161.93|6.36 161.93|6.43 161.03|6.43 161.25|6.25 160.66|6.24 160.90|6.32 161.06|6.23 161.25|6.28 

