0 n = 250 m = 0.3n
AverObjVal: 86.22586 AverElapse: 35.1325
Best case:
MaxMinD: 87.13146 
e: 2 9 10 12 13 17 40 46 48 49 51 53 74 88 98 111 134 155 157 164 169 173 175 182 187 230 231 238 240 239 128 235 57 18 144 212 95 135 152 217 237 247 31 43 32 242 6 41 204 3 220 159 246 68 119 90 209 232 138 123 153 154 167 176 80 188 143 213 61 189 218 8 193 233 69 
Elapse: 35.58
Worst case:
MaxMinD: 85.89936 
e: 0 2 13 18 27 31 41 50 90 93 95 120 122 126 128 144 147 167 176 180 187 189 196 217 218 226 230 231 232 237 238 61 197 76 164 63 78 9 119 53 28 206 183 229 202 241 68 70 80 108 111 135 153 43 173 209 246 100 182 169 247 51 32 12 138 213 154 210 123 6 242 145 57 175 45 
Elapse: 34.52
85.97|35.88 85.97|35.39 86.17|35.82 87.13|35.58 86.51|34.71 86.10|34.84 85.90|34.52 86.17|34.83 86.17|34.69 86.17|35.08 

1 n = 250 m = 0.3n
AverObjVal: 107.466675 AverElapse: 36.06869
Best case:
MaxMinD: 107.73335 
e: 5 9 10 15 21 27 39 40 45 58 59 61 66 69 74 76 83 85 88 89 90 96 99 118 119 128 137 144 149 176 180 217 221 227 230 243 183 205 115 98 231 235 107 6 77 196 249 109 125 57 7 20 122 187 240 123 11 245 214 112 51 110 206 44 46 63 132 211 179 223 190 120 106 133 113 
Elapse: 35.79
Worst case:
MaxMinD: 107.228966 
e: 5 6 9 10 14 15 20 33 44 45 66 74 76 77 85 89 90 96 106 112 125 128 133 137 138 150 183 211 214 217 221 223 227 231 240 115 50 43 63 235 215 88 27 118 246 149 230 109 0 143 187 39 84 25 205 16 51 47 57 23 245 196 59 107 46 249 61 189 113 123 7 207 132 208 119 
Elapse: 36.29
107.23|36.29 107.36|35.86 107.73|35.79 107.58|35.59 107.65|35.86 107.58|35.56 107.23|36.08 107.58|37.01 107.36|36.79 107.36|35.87 

2 n = 250 m = 0.3n
AverObjVal: 70.155975 AverElapse: 34.474407
Best case:
MaxMinD: 70.288284 
e: 1 8 12 14 15 17 18 21 31 39 45 53 84 89 90 93 97 102 115 122 123 124 127 144 166 175 176 179 185 195 196 205 208 211 218 219 230 233 242 155 57 75 191 60 29 232 243 234 85 198 134 86 235 146 142 96 103 67 100 6 106 159 170 24 48 220 101 223 120 186 244 246 249 135 119 
Elapse: 33.55
Worst case:
MaxMinD: 70.03389 
e: 6 11 14 15 17 24 29 33 84 90 96 97 101 102 113 119 122 123 124 134 144 146 153 159 162 172 175 179 185 186 197 208 220 228 230 233 234 244 218 36 45 106 94 71 205 145 137 235 169 1 115 100 57 246 8 39 166 222 31 142 170 93 18 187 232 27 210 196 177 195 198 241 60 249 85 
Elapse: 34.75
70.11|35.05 70.10|34.30 70.29|33.55 70.18|33.66 70.18|33.96 70.11|33.81 70.18|36.07 70.03|34.75 70.11|35.36 70.27|34.24 

3 n = 250 m = 0.3n
AverObjVal: 41.653133 AverElapse: 33.24662
Best case:
MaxMinD: 41.878418 
e: 12 17 18 22 40 41 44 52 65 70 74 79 89 91 110 116 118 119 120 122 124 131 132 144 152 170 172 207 216 217 235 244 248 133 225 239 97 38 246 5 150 43 94 169 226 20 72 138 33 184 186 42 49 159 211 50 147 87 156 167 185 228 195 112 198 145 190 59 16 90 240 164 135 45 75 
Elapse: 33.01
Worst case:
MaxMinD: 41.549232 
e: 6 8 10 14 16 17 18 22 31 32 41 43 44 62 63 64 68 72 89 96 110 140 157 167 173 179 190 195 208 216 225 235 238 240 244 112 151 91 145 132 116 169 233 66 52 100 65 142 107 118 185 144 217 42 21 92 226 207 99 120 239 122 133 50 159 147 228 172 87 20 241 5 90 176 40 
Elapse: 33.35
41.55|32.77 41.60|32.97 41.57|32.72 41.67|32.75 41.75|33.69 41.55|33.35 41.76|33.14 41.60|34.17 41.60|33.89 41.88|33.01 

4 n = 250 m = 0.3n
AverObjVal: 140.2508 AverElapse: 35.955383
Best case:
MaxMinD: 140.37988 
e: 5 10 13 33 46 50 54 57 83 88 94 99 122 125 135 139 147 150 158 160 162 163 170 182 191 194 225 230 233 235 134 74 59 82 174 200 104 103 199 123 85 144 17 86 216 115 8 102 211 42 184 248 26 143 52 56 237 155 222 58 87 245 21 218 180 159 41 214 133 64 62 207 39 145 49 
Elapse: 35.64
Worst case:
MaxMinD: 140.23645 
e: 4 6 10 19 46 49 58 62 64 83 84 102 104 106 131 134 135 139 143 145 150 154 158 163 170 176 180 184 213 230 233 237 52 42 94 71 136 182 187 225 5 122 13 194 17 85 137 21 98 199 162 249 123 207 55 28 160 222 41 147 218 74 125 140 248 56 211 8 174 99 204 200 93 54 214 
Elapse: 35.82
140.24|35.82 140.24|35.39 140.38|35.64 140.24|35.31 140.24|35.39 140.24|35.33 140.24|35.24 140.24|36.34 140.24|37.92 140.24|37.17 

5 n = 250 m = 0.3n
AverObjVal: 137.1949 AverElapse: 34.56192
Best case:
MaxMinD: 138.06013 
e: 1 14 26 29 33 50 52 60 61 65 74 77 96 107 108 113 118 126 140 142 157 162 163 168 173 189 192 218 221 238 244 175 246 137 219 145 152 8 82 146 249 233 64 235 148 76 206 165 28 182 119 203 184 45 70 116 166 220 202 32 133 7 200 170 130 204 40 194 186 190 83 44 0 242 114 
Elapse: 34.00
Worst case:
MaxMinD: 136.62581 
e: 0 1 11 13 17 45 46 50 52 53 54 61 65 71 82 88 95 96 113 120 126 139 140 142 143 145 152 162 166 179 184 190 200 201 202 206 221 222 243 161 112 218 60 246 21 116 41 80 130 146 83 165 12 107 168 175 238 203 180 47 237 148 220 40 157 244 249 192 133 7 207 235 77 64 182 
Elapse: 35.63
136.63|35.63 137.03|34.81 137.69|34.41 137.45|34.42 136.81|35.15 137.22|34.93 138.06|34.00 136.80|34.47 136.74|33.94 137.52|33.85 

6 n = 250 m = 0.3n
AverObjVal: 100.307014 AverElapse: 36.086365
Best case:
MaxMinD: 100.574455 
e: 16 32 54 57 60 68 89 92 93 94 99 104 122 126 138 140 143 145 157 165 168 172 175 186 204 209 228 236 243 187 183 239 49 1 9 149 17 66 222 130 86 219 96 132 115 153 98 106 85 22 181 248 160 82 27 203 34 18 229 197 6 15 25 91 42 184 51 150 213 44 111 50 139 208 128 
Elapse: 35.71
Worst case:
MaxMinD: 100.00326 
e: 1 6 11 24 32 34 39 42 47 51 54 105 122 130 139 143 160 166 175 187 197 204 209 211 213 226 229 236 73 68 215 65 16 194 85 104 25 232 82 189 145 111 9 13 128 198 71 138 237 203 99 149 135 165 89 27 247 106 168 115 98 92 17 28 214 100 140 181 184 15 86 186 243 96 93 
Elapse: 36.10
100.31|35.68 100.57|35.71 100.36|36.05 100.36|35.74 100.36|35.76 100.36|36.65 100.09|36.73 100.31|35.75 100.36|36.70 100.00|36.10 

7 n = 250 m = 0.3n
AverObjVal: 119.02029 AverElapse: 35.47601
Best case:
MaxMinD: 119.29405 
e: 23 30 31 32 39 58 64 70 72 77 81 84 105 109 119 123 133 141 152 158 162 170 179 183 196 201 212 215 223 230 234 236 0 126 153 206 148 131 120 102 235 173 10 114 42 59 192 164 94 134 156 100 200 44 181 167 47 238 50 182 145 6 219 63 103 106 214 76 194 67 80 43 161 52 33 
Elapse: 35.37
Worst case:
MaxMinD: 118.90842 
e: 6 9 18 23 24 33 37 42 47 49 50 58 64 67 72 84 94 103 105 106 114 120 123 126 133 152 161 181 183 201 223 243 244 249 31 234 131 39 2 156 198 100 215 200 182 196 43 44 102 185 119 158 164 63 162 78 143 186 212 236 134 206 168 145 174 144 219 81 153 30 195 10 12 70 76 
Elapse: 35.42
119.00|35.27 118.97|35.72 118.91|35.42 119.00|35.53 119.29|35.37 119.00|35.42 118.93|35.51 119.08|35.37 119.00|35.70 119.04|35.46 

8 n = 250 m = 0.3n
AverObjVal: 112.50354 AverElapse: 35.63137
Best case:
MaxMinD: 112.82965 
e: 0 11 12 20 24 40 48 55 71 96 104 108 123 141 144 160 169 176 179 185 198 202 208 223 225 241 244 245 248 138 188 231 30 98 152 234 43 47 107 1 85 157 51 60 237 167 16 111 199 78 19 114 91 26 236 129 148 242 142 9 173 5 119 209 112 52 38 32 147 134 149 17 35 82 233 
Elapse: 36.63
Worst case:
MaxMinD: 111.83462 
e: 12 20 26 27 47 48 52 66 78 85 90 97 104 107 108 111 114 129 134 142 149 150 160 161 162 193 198 225 233 236 237 248 16 216 209 154 98 241 173 157 10 244 167 96 208 242 169 19 152 34 245 43 119 196 51 112 127 231 63 11 0 35 32 194 24 38 1 176 138 185 223 234 123 188 213 
Elapse: 36.03
112.60|34.79 112.79|35.44 112.46|35.58 112.60|35.38 112.46|36.24 112.46|35.80 112.60|35.19 111.83|36.03 112.41|35.24 112.83|36.63 

9 n = 250 m = 0.3n
AverObjVal: 133.35446 AverElapse: 36.02442
Best case:
MaxMinD: 133.4777 
e: 7 10 11 22 48 61 65 74 78 79 84 86 113 127 131 132 134 151 156 167 175 179 182 187 205 209 6 130 20 47 185 161 112 220 234 123 172 44 21 147 94 42 162 150 128 186 97 24 206 191 33 56 59 244 93 62 143 195 224 229 169 201 88 117 31 154 14 197 227 176 230 235 80 66 90 
Elapse: 35.77
Worst case:
MaxMinD: 133.22488 
e: 1 7 11 20 21 23 24 28 35 47 54 56 70 78 79 88 98 109 112 120 123 128 154 156 173 177 179 190 195 205 224 59 172 175 146 161 162 196 86 117 113 130 75 90 149 201 33 182 209 226 131 61 234 139 65 151 169 38 150 197 74 22 235 93 97 44 84 244 143 57 80 230 10 198 48 
Elapse: 35.26
133.31|36.86 133.36|35.89 133.48|35.77 133.31|35.14 133.22|35.26 133.48|35.29 133.34|35.53 133.34|37.12 133.34|37.11 133.34|36.27 

