0 n = 100 m = 0.1n
AverObjVal: 143.89903 AverElapse: 0.791359
Best case:
MaxMinD: 143.89903 
e: 37 65 84 50 27 98 1 33 5 7 
Elapse: 0.79
Worst case:
MaxMinD: 143.89903 
e: 37 65 84 50 27 98 1 33 5 7 
Elapse: 0.79
143.90|0.79 143.90|0.82 143.90|0.80 143.90|0.76 143.90|0.75 143.90|0.75 143.90|0.78 143.90|0.80 143.90|0.87 143.90|0.81 

1 n = 100 m = 0.1n
AverObjVal: 89.00518 AverElapse: 0.78339046
Best case:
MaxMinD: 89.00517 
e: 35 68 87 79 33 96 93 18 74 89 
Elapse: 0.80
Worst case:
MaxMinD: 89.00517 
e: 35 68 87 79 33 96 93 18 74 89 
Elapse: 0.80
89.01|0.80 89.01|0.77 89.01|0.76 89.01|0.77 89.01|0.73 89.01|0.84 89.01|0.80 89.01|0.74 89.01|0.79 89.01|0.81 

2 n = 100 m = 0.1n
AverObjVal: 100.58864 AverElapse: 0.7924255
Best case:
MaxMinD: 100.588646 
e: 59 75 18 48 73 26 80 30 54 17 
Elapse: 0.77
Worst case:
MaxMinD: 100.588646 
e: 59 75 18 48 73 26 80 30 54 17 
Elapse: 0.77
100.59|0.77 100.59|0.75 100.59|0.79 100.59|0.80 100.59|0.82 100.59|0.78 100.59|0.77 100.59|0.80 100.59|0.80 100.59|0.85 

3 n = 100 m = 0.1n
AverObjVal: 91.22691 AverElapse: 0.80629385
Best case:
MaxMinD: 91.226906 
e: 26 54 55 99 91 38 8 78 32 86 
Elapse: 0.85
Worst case:
MaxMinD: 91.226906 
e: 26 54 55 99 91 38 8 78 32 86 
Elapse: 0.85
91.23|0.85 91.23|0.80 91.23|0.80 91.23|0.82 91.23|0.80 91.23|0.80 91.23|0.80 91.23|0.79 91.23|0.81 91.23|0.81 

4 n = 100 m = 0.1n
AverObjVal: 158.75365 AverElapse: 0.8054075
Best case:
MaxMinD: 158.75365 
e: 37 98 74 75 35 38 60 17 52 81 
Elapse: 0.79
Worst case:
MaxMinD: 158.75365 
e: 37 98 74 75 35 38 60 17 52 81 
Elapse: 0.79
158.75|0.79 158.75|0.80 158.75|0.81 158.75|0.79 158.75|0.82 158.75|0.79 158.75|0.82 158.75|0.81 158.75|0.83 158.75|0.80 

5 n = 100 m = 0.1n
AverObjVal: 116.139755 AverElapse: 0.7961531
Best case:
MaxMinD: 116.13974 
e: 8 47 42 73 37 35 86 91 85 77 
Elapse: 0.79
Worst case:
MaxMinD: 116.13974 
e: 8 47 42 73 37 35 86 91 85 77 
Elapse: 0.79
116.14|0.79 116.14|0.79 116.14|0.79 116.14|0.80 116.14|0.81 116.14|0.78 116.14|0.80 116.14|0.79 116.14|0.78 116.14|0.82 

6 n = 100 m = 0.1n
AverObjVal: 165.31664 AverElapse: 0.845692
Best case:
MaxMinD: 165.31664 
e: 12 73 46 71 84 36 58 74 24 2 
Elapse: 0.89
Worst case:
MaxMinD: 165.31664 
e: 12 73 46 71 84 36 58 74 24 2 
Elapse: 0.89
165.32|0.89 165.32|0.83 165.32|0.79 165.32|0.83 165.32|0.86 165.32|0.95 165.32|0.84 165.32|0.83 165.32|0.86 165.32|0.80 

7 n = 100 m = 0.1n
AverObjVal: 35.229744 AverElapse: 0.7212521
Best case:
MaxMinD: 35.229748 
e: 7 43 51 87 95 29 5 16 75 37 
Elapse: 0.71
Worst case:
MaxMinD: 35.229748 
e: 7 43 51 87 95 29 5 16 75 37 
Elapse: 0.71
35.23|0.71 35.23|0.72 35.23|0.72 35.23|0.70 35.23|0.72 35.23|0.73 35.23|0.72 35.23|0.69 35.23|0.72 35.23|0.79 

8 n = 100 m = 0.1n
AverObjVal: 146.04292 AverElapse: 0.8473145
Best case:
MaxMinD: 146.2591 
e: 29 42 74 0 68 70 92 75 33 20 
Elapse: 0.85
Worst case:
MaxMinD: 144.09744 
e: 74 4 63 68 29 34 12 30 88 11 
Elapse: 0.86
146.26|0.85 144.10|0.86 146.26|0.81 146.26|0.88 146.26|0.81 146.26|0.82 146.26|0.93 146.26|0.86 146.26|0.83 146.26|0.84 

9 n = 100 m = 0.1n
AverObjVal: 109.28676 AverElapse: 0.8082651
Best case:
MaxMinD: 109.286766 
e: 25 57 60 64 33 48 35 59 3 41 
Elapse: 0.81
Worst case:
MaxMinD: 109.286766 
e: 25 57 60 64 33 48 35 59 3 41 
Elapse: 0.81
109.29|0.81 109.29|0.81 109.29|0.81 109.29|0.84 109.29|0.79 109.29|0.79 109.29|0.79 109.29|0.82 109.29|0.82 109.29|0.80 

